year,hydro,nuclear,biofuels,biomass,other,coal,gas,oil,geoth.,wind,PV,CSP
1950,0.02183937153385303,2.6275584507592987e-05,1.3629888353864773e-05,0.14532461334875715,5.983429853363149e-05,0.48540279866147124,0.07797055998010503,0.2693629167044186,0.0,0.0,0.0,0.0
1951,0.02190651414021427,3.243982734185204e-05,1.491933935612443e-05,0.1426367697075651,6.337468313374798e-05,0.47851558571829983,0.08153846915509405,0.2752919274289953,0.0,0.0,0.0,0.0
1952,0.021959116205954015,4.00233211240214e-05,1.6319818625858806e-05,0.13982416915926216,6.707950343622806e-05,0.47151551701906025,0.08525204854241768,0.28132572643011977,0.0,0.0,0.0,0.0
1953,0.021995233971542252,4.9342353595678646e-05,1.783828964715347e-05,0.13692731877752817,7.09473250113685e-05,0.4643520605030381,0.08910632625068214,0.28748093252895507,0.0,0.0,0.0,0.0
1954,0.02201302104490313,6.078045299213097e-05,1.948177075660605e-05,0.13397390981251614,7.497553019373499e-05,0.4569819827094388,0.09309378212227445,0.293782066556925,0.0,0.0,0.0,0.0
1955,0.022010709432405153,7.480167673476961e-05,2.1257244853629922e-05,0.1309803005633073,7.916011105146163e-05,0.4493683712062297,0.09720362509257702,0.30026177467284104,0.0,0.0,0.0,0.0
1956,0.021986604246090374,9.19662462241603e-05,2.3171558667746107e-05,0.1279529808528325,8.349548097720656e-05,0.44148002415710097,0.10142100698313937,0.3069607504749676,0.0,0.0,0.0,0.0
1957,0.0219390874890535,0.00011294886462275554,2.5231310230954583e-05,0.12489048755131098,8.797430183155439e-05,0.43329107556063395,0.1057261691105139,0.31392702581180243,0.0,0.0,0.0,0.0
1958,0.021866638402647798,0.00013856014897109417,2.744273685714079e-05,0.12178585024605024,9.258737036256805e-05,0.4247809750075488,0.11009358501786252,0.3212143610696999,0.0,0.0,0.0,0.0
1959,0.021767880169990744,0.00016977176547997117,2.981162780854345e-05,0.11862963719341066,9.732363508533335e-05,0.41593496804504215,0.11449120570030295,0.32887940186287973,0.0,0.0,0.0,0.0
1960,0.021641633488400012,0.00020774585785464925,3.234325648654507e-05,0.11541493094584887,0.00010217030239866152,0.4067446511276943,0.11887979536481459,0.3369767296565023,0.0,0.0,0.0,0.0
1961,0.02148704371255533,0.00025387036742179325,3.504245536862617e-05,0.11214211412327307,0.00010711339033046362,0.39720982002769534,0.12321283287817414,0.3455521630451814,0.0,0.0,0.0,0.0
1962,0.021303819512003223,0.0003098031483423392,3.791398990559325e-05,0.10882226277415537,0.0001121390905938646,0.38734214583970117,0.1274374421621821,0.3546344734831163,0.0,0.0,0.0,0.0
1963,0.021092605580083728,0.00037753010874984653,4.0963438288884766e-05,0.10547810847479692,0.00011723633812160325,0.37717085418290186,0.13149683120153205,0.36422587067552503,0.0,0.0,0.0,0.0
1964,0.020855514372445337,0.00045944684725213983,4.4198876562433776e-05,0.10214062142229824,0.0001224011155879316,0.36675058346457995,0.1353348009743996,0.3742924329268743,0.0,0.0,0.0,0.0
1965,0.020095624540703516,0.0005587515466352452,4.765807174367095e-05,0.09889031452096785,0.00012770823858878288,0.35635313198674345,0.13897372839078834,0.38495308270382916,0.0,0.0,0.0,0.0
1966,0.020502231864958583,0.0007140662299092188,5.16204456969189e-05,0.09622354152210681,0.0001338481894948529,0.34359935707898476,0.14408762470916767,0.3946877099596812,0.0,0.0,0.0,0.0
1967,0.020264844501086853,0.0008463875308230964,5.662592071796138e-05,0.09485905290253793,0.00014207390924474313,0.3265491634197196,0.14910091056555197,0.4081809412503179,0.0,0.0,0.0,0.0
1968,0.02019070566847698,0.0009814884092183796,6.10466140726392e-05,0.09191895488163818,0.00014820707553844445,0.31440939035658155,0.15351297339545864,0.4187772335990152,0.0,0.0,0.0,0.0
1969,0.020138865834718377,0.0011258286550937188,6.52834967419627e-05,0.08834774089345682,0.00015336246058533662,0.302647237613934,0.1590966226608568,0.42842505838461303,0.0,0.0,0.0,0.0
1970,0.01986711100885542,0.001309446695146635,7.012315888642934e-05,0.08526918983949358,0.00015939894193675493,0.29078137239563745,0.16361825334097171,0.4389043083483359,2.079627073611011e-05,0.0,0.0,0.0
1971,0.01998641015335575,0.0017970566144146205,7.68678412995498e-05,0.08396415933833096,0.0001690740477708301,0.27876699032688246,0.16848963268640207,0.4467151488696199,3.4660121923849384e-05,0.0,0.0,0.0
1972,0.01995382611830985,0.0023512599273746173,8.330349207457752e-05,0.08171787982990268,0.00017729797507344666,0.26955802102082166,0.16879593081250258,0.45733006118494324,3.241963899736984e-05,0.0,0.0,0.0
1973,0.019092870038397693,0.00299349978706429,8.969588895399379e-05,0.07899169716087376,0.00018472318556824488,0.2625413447859532,0.16814673167870256,0.4679246370064221,3.4800468064200875e-05,0.0,0.0,0.0
1974,0.020931570370255774,0.003889880071221538,0.00010186566733451308,0.08050205832444536,0.0002029948446470735,0.26205011370736453,0.1713804476761826,0.4608965694916942,4.449984685451234e-05,0.0,0.0,0.0
1975,0.02110740694935989,0.005359208164766841,0.00011523850178764923,0.0816856534352747,0.00022220973431200716,0.26666067544688693,0.17010078515666793,0.4546955742306545,5.324838028961628e-05,0.0,0.0,0.0
1976,0.02013677973440994,0.006069765644571953,0.00012464991594128127,0.07921295566570005,0.00023257646728230187,0.2638196427112409,0.17101414671964582,0.45933640330596043,5.307983524732799e-05,0.0,0.0,0.0
1977,0.01999349263719393,0.007248158883719049,0.00013685247982218952,0.0779337575417414,0.00024707838491437,0.26333016753265837,0.17065419688861988,0.46040814926661006,4.814638472086823e-05,0.0,0.0,0.0
1978,0.020759673840070048,0.008093019087208603,0.00015007661378665512,0.07656593417662629,0.00026218232312372284,0.2577011236999594,0.17125327377904984,0.4651845650245794,3.0111860389316755e-05,3.959520662464116e-08,0.0,0.0
1979,0.021092213775823283,0.008107249804951117,0.00016536642199795526,0.07557679821860362,0.0002795413240325755,0.25972430377978584,0.17603524021511724,0.4589708849385962,4.832471023039635e-05,7.681086159391367e-08,0.0,0.0
1980,0.02164338092374939,0.009079104718375537,0.00018916691613877142,0.077452600621008,0.00022684989634002417,0.2589225072550303,0.1828592393556799,0.4494716615746407,0.0001553533840421453,1.3535499534306395e-07,0.0,0.0
1981,0.022164325086810426,0.010731746976969271,0.00021614375813471754,0.07928865011733013,0.0002307692548339427,0.2640137031752498,0.18606865757424984,0.43709114185942666,0.00019472605643415094,1.361405610448011e-07,0.0,0.0
1982,0.023176753349299677,0.011809852872436723,0.0002464182547821055,0.08098994614620762,0.0003518637363294211,0.268874660198034,0.18699902223689413,0.42736524881481136,0.00018599366914808324,2.407220568679192e-07,0.0,0.0
1983,0.024032148390805193,0.013132776222354186,0.0002771955526466224,0.08163461990973057,0.00036104028743494116,0.2734741195926032,0.1876547746343002,0.4192072281521054,0.0002256371722534092,4.218182989088532e-07,2.2960480440322497e-08,1.5306986960214997e-08
1984,0.023780185132703118,0.015219048957759438,0.0003018453562512915,0.07966565492511825,0.00038267064798006803,0.27585069515700633,0.1952209707881397,0.40933361952384567,0.0002446810150289182,5.513297616478712e-07,3.8583202853673686e-08,3.8583202853673686e-08
1985,0.023597386375269494,0.017654053772562364,0.00033408301033031434,0.0790341404127697,0.00037888418179787137,0.28046756336027423,0.1975822242790176,0.4006895065539031,0.00026124689342817397,7.712171917712198e-07,7.69689004427191e-08,6.297455490767924e-08
1986,0.023406647159571404,0.018627230513219937,0.0003716911284463142,0.07883183409739793,0.00040147709126711205,0.27879431516509956,0.19579193493636063,0.4034792463087623,0.00029381193496639835,1.6345181592805334e-06,1.062880495327704e-07,7.085869968851361e-08
1987,0.023108806627861384,0.01965065227127583,0.0004095995555423497,0.07788998819409372,0.0004335871406337569,0.2797135295689595,0.1992647188054992,0.3992438274314623,0.00028293939161894323,2.231014881085168e-06,7.799881167020876e-08,4.199936013011241e-08
1988,0.022943663116207182,0.02073631268922516,0.00045033586357883735,0.07677120065983155,0.000443912436121856,0.2787979074459495,0.20178178350294074,0.3977899537290129,0.00028115477695480777,3.6641027176952758e-06,7.817422189924602e-08,3.350323795681973e-08
1989,0.02245176313241103,0.020918309142508935,0.0005018788722946458,0.07666610451550826,0.0008772805169116867,0.27411268987830656,0.20693179179233714,0.3972306684739982,0.0002781770807863788,2.851894710627788e-05,2.113235873243064e-06,7.044119577476881e-07
1990,0.023052666264430643,0.02132359510676825,0.0007962566427958441,0.07729443174399944,0.0010092125559268846,0.2690096674896073,0.2089706303715416,0.398206964976954,0.0002937095058573878,3.8749041677607015e-05,3.2930403528893832e-06,8.232600882223458e-07
1991,0.023488039859285728,0.022257288834892964,0.0008838375425314817,0.0783189637587804,0.0011008947407126883,0.2615334303773565,0.21315256974101912,0.39893454759051106,0.00028161150345673504,4.345234665887051e-05,4.328956744415302e-06,1.0347480499041225e-06
1992,0.023459936701682407,0.02240274443077974,0.0008554073238431472,0.07943560098528556,0.0012113520787210633,0.25775200659948994,0.21300097033887183,0.40155716955418763,0.0002703028759922046,4.960692456520803e-05,3.9911969082465e-06,9.109896730183926e-07
1993,0.02469735373485175,0.022998594223775773,0.0008626950455610778,0.08003206872476659,0.0012375726460584818,0.25695103919648987,0.21504863737495084,0.39782269569208234,0.0002838769274537636,5.965927402246675e-05,4.769130139355551e-06,1.038029847683172e-06
1994,0.02452813973486257,0.023136936042788662,0.000961009163272968,0.08021051427492845,0.001288349657093168,0.25545596297712414,0.2132177450596271,0.4008465298769176,0.00027458705988980933,7.408435197503754e-05,5.0874589261923776e-06,1.0543425943618005e-06
1995,0.025284393180186156,0.023622326676508324,0.0009608621580824485,0.0796070760636906,0.0013460835752165964,0.2554608300024246,0.2148353611700098,0.3985495967567358,0.00024307084994624746,8.396716256675422e-05,5.373738036846212e-06,1.0586665957876574e-06
1996,0.025050936180057725,0.023894691675835234,0.0009701222769515295,0.07879825626883355,0.001337541355972479,0.25545968976858324,0.21688289059228258,0.39724193980960376,0.00026590170799633243,9.113809532485792e-05,5.806736260703537e-06,1.0855322979950233e-06
1997,0.02520370944007851,0.02346722510884727,0.0010780672894013705,0.07896009416369351,0.001420050013742915,0.2519080764236123,0.21437585661269212,0.40319708471620425,0.0002648169236411601,0.00011783432527378769,6.104241648155969e-06,1.0807411647789625e-06
1998,0.025465126734666,0.02374681589650088,0.001009143033636383,0.0796191132290405,0.001465852325636033,0.24841186851909355,0.21566401825172118,0.4041693085199535,0.00028522893973190877,0.00015583541315849077,6.587027244772632e-06,1.1021096168296624e-06
1999,0.02521171915208515,0.024202834807945307,0.0009738684975426911,0.07915729096674559,0.0015091014901023386,0.24587585349731841,0.216953979802166,0.4055806792701506,0.0003227355691587921,0.0002035820525457066,7.2165398993729955e-06,1.1383543401326434e-06
2000,0.024883392575195482,0.02413756315987015,0.0016651106240217167,0.07812946202754065,0.0015403364996976424,0.25046129527868277,0.21964488080655112,0.39893756056457763,0.00031530266819234905,0.0002755537598097051,8.30952289547912e-06,1.2325129653581467e-06
2001,0.024065110857548,0.024628618618381153,0.001562974005101311,0.07850287129412652,0.0016097666595320237,0.2493091362058207,0.2205953054895044,0.39910104126026413,0.00025678106040762994,0.00035679440496170324,1.0183960062715119e-05,1.4161842896893833e-06
2002,0.02408887862429586,0.0245572947432591,0.0018212735707914224,0.07798668070915371,0.0017162888157286136,0.24981133564337513,0.22390592623108269,0.395358794135736,0.0002565299079485267,0.0004825984364904698,1.2743276192314238e-05,1.6559059458939405e-06
2003,0.023213443689036724,0.023254062206183333,0.002024579094509024,0.07628120111365883,0.0017451704762730894,0.2607950185029808,0.2221351604734349,0.38969615172557315,0.0002800436537356321,0.0005575888798715145,1.5682989806104263e-05,1.8971949368430664e-06
2004,0.023652695065257832,0.023267766963614274,0.0024344836804073735,0.07398654899576254,0.0017834884144517713,0.2678702643014358,0.21963102654118866,0.38632659405133674,0.0003042343432161711,0.0007209968499576618,1.969246337303849e-05,2.2083299982740108e-06
2005,0.023981413406897176,0.022701027936788302,0.002739525199466793,0.07286311029181568,0.0018610977023703257,0.2730013090644934,0.2197417159329069,0.38188662626339154,0.0003387516627565677,0.0008553033260892734,2.7295536803058878e-05,2.8236762210060912e-06
2006,0.024291892625462386,0.022393217423883515,0.0035473447440344504,0.07177946557102152,0.0019251744103106567,0.27933910470266804,0.21943486717079486,0.37585153045023245,0.0003351135593788361,0.0010622922366671287,3.653068973223198e-05,3.466415814007414e-06
2007,0.024062827704252908,0.021363957311016393,0.004581828642697265,0.07077608522061626,0.0019996353325484706,0.2832952083404604,0.22165977802323783,0.37053450103111474,0.00034762426959427723,0.0013262090287913092,4.817929847308492e-05,4.165797197084301e-06
2008,0.024765870848303975,0.021069798886859496,0.006180626006826994,0.07090710142488081,0.0020426579191426967,0.28549566621889855,0.22520516878589322,0.36216966640866655,0.0003908302595663605,0.0016864511637485662,7.991532661486315e-05,6.246750597927309e-06
2009,0.025246369619610326,0.021011412201067812,0.007298760408172321,0.07218731083008273,0.0022127829275897038,0.28683284960107636,0.220341692511467,0.3622054693290291,0.00036461185221098877,0.0021509141658987065,0.00013815623340104644,9.6703203940991e-06
2010,0.025478269902467033,0.020352585761264974,0.0077510288812687,0.06938440881973171,0.0022248692651701263,0.29158250731706514,0.22553793760972565,0.3544517768330798,0.0004884025969142238,0.002524163229522388,0.00021098021306917335,1.3069570721099233e-05
2011,0.025279412995024862,0.019081290670374843,0.00784043432603796,0.06861352138880845,0.0023046399850711373,0.29790350984892067,0.2245554338022457,0.35021628326842613,0.0006464746121383727,0.003133409600132636,0.00040377804079962354,2.1811462019479002e-05
2012,0.026033854376328113,0.01748562761465892,0.007978047661702452,0.06824795809069513,0.0024014714469400367,0.29948820831390954,0.2259870360995069,0.3472589787924303,0.0007642902880969769,0.003689556883122145,0.0006356009051692223,2.9369527440251765e-05
2013,0.02621017230318847,0.017249009764561955,0.008098015996022058,0.06770724997282909,0.002635113834832598,0.29959951269684754,0.22681085011411808,0.34296308754518906,0.001254074276318682,0.006234333265981582,0.001192649546577632,4.593068353327962e-05
2014,0.02616561221703278,0.01725348183164512,0.00821118469433689,0.06708817447678378,0.002757633093707876,0.2987476291652269,0.22450604286615572,0.3371168653410229,0.0014356851885366374,0.01304108890645918,0.003237341576895067,0.0004392606421972991
2015,0.026112902678069157,0.0172525207485773,0.008323313179557082,0.06643933118595892,0.002838053439836253,0.29762972040309665,0.22355358752138516,0.33036035840376055,0.0020497301988552145,0.018605569843869824,0.0056964189610086025,0.0011384934360252187
2016,0.026061123086301565,0.017252105040769232,0.008437239536941024,0.06578366344810874,0.002946944571453464,0.29632881121264915,0.22246780557014192,0.3227262932324479,0.0026811507658241183,0.024324694207054298,0.00884108489134181,0.002149084436966607
2017,0.02601562606010166,0.017255788375380537,0.008554757418038399,0.06513492983983585,0.003042687151335616,0.2949458074671969,0.22132540140831955,0.3151482576679519,0.00325547464550483,0.029529252466496986,0.012396599471262435,0.003395418028575287
2018,0.02598444946943378,0.01726893689021531,0.00867866856520039,0.06451291776694622,0.0031213017399605507,0.2935573172581108,0.22018470046853028,0.3077122961350941,0.0037663856131879008,0.03417046869368566,0.016227209362023407,0.004815348037611623
2019,0.025975241033888815,0.017296698958717292,0.00881181427998499,0.06393601050911268,0.003207549519310571,0.2922344103073093,0.21909976401487766,0.30049225869248847,0.004208370900326902,0.038207477459783756,0.020188552167950784,0.006341852156248734
2020,0.02599543157154945,0.01734411843817013,0.008957131429656952,0.06342140870542716,0.0033052410352674773,0.2910440921890716,0.2181215140565582,0.2935520808226336,0.00457898297483149,0.041627117953013555,0.024143728412747853,0.007909152411072574
2021,0.02603884800941197,0.017407184133446246,0.009112968041170528,0.0629524523751577,0.0033905651089302245,0.2849862214632295,0.21353794335259493,0.28723095058618714,0.005361838401664176,0.048841841527069066,0.03074410283108101,0.01039508417005735
2022,0.02611087185172115,0.01748959239501759,0.009281659234005507,0.0625408021125189,0.003418119466628933,0.27778265764133486,0.20810032254949914,0.2796888537614061,0.006262625452178282,0.05719919721026161,0.03871223092750127,0.013413067397926668
2023,0.026210747928420198,0.01759094969575037,0.009463457280390261,0.06218349309396719,0.0034694413393427663,0.2695159040301195,0.20187072188264266,0.2710196775880516,0.007254065350392153,0.06647049036046768,0.047997441081364126,0.01695361036909148
2024,0.026337903675597938,0.017710981767276333,0.009658680116059517,0.06187819531334054,0.0035186878832759935,0.2602902837163298,0.1949274429367137,0.261341174705088,0.008315054394429434,0.07648211236731667,0.05854055050242331,0.020998932622148806
2025,0.026490874346334757,0.01784881062426873,0.009867315994686546,0.061620415036121604,0.003593864927559097,0.2502288931722804,0.18736273646917695,0.25079121268876964,0.009422303045904077,0.08703768826337203,0.07022771309049514,0.025508172341030956
2026,0.026667340183034537,0.018002973746799503,0.01008901134989016,0.06140342247827807,0.003649637356892514,0.23946964653308897,0.17927984446658948,0.2395230447974984,0.010557152467166849,0.09797951504601592,0.08294179172788123,0.03043661984686433
2027,0.026865042244079852,0.018172037862135035,0.010323396384831667,0.06122082144812739,0.0036892766610097908,0.22815822431981284,0.170787729509185,0.22769748525435132,0.011699909257430334,0.10913554875935237,0.0965267846737113,0.03572374362597323
2028,0.027081653739530608,0.0183545120872786,0.01057003492093093,0.06106652563312288,0.0037519527720907947,0.21644189137089184,0.1619964597903998,0.21547604174995127,0.012831304451032593,0.12033191122650949,0.11079975791760115,0.041297954340660074
2029,0.027314809050460978,0.018548867126810684,0.010828432053467603,0.060934650542305346,0.003801874476736233,0.20446562144773522,0.15301432345610191,0.2030164746230615,0.013937734348340234,0.13144164466165523,0.1256000930034351,0.04709547520988991
2030,0.02756214296291719,0.018753561649598245,0.011098046847568644,0.06081942095013325,0.0038577727321931436,0.19236862860142567,0.1439452480390272,0.19046889945005618,0.015005403227278172,0.14233011548790658,0.1407460323586406,0.053044727693255286
2031,0.027821606182161885,0.018967257330750664,0.011378419395533053,0.06071579255679497,0.0039143009151090995,0.18028314377743782,0.1348878996192549,0.1779742627130241,0.01602370057443752,0.15288688056305494,0.15606776523716503,0.059078971135276055
2032,0.028092385708735106,0.019189449598209507,0.011669561225744298,0.060621455370097374,0.0039759509000865945,0.16833656897709517,0.12593730722263746,0.16566626840718432,0.01698303415666827,0.1630056469896364,0.17139173254893336,0.06513063889497207
2033,0.028374224150371222,0.019420009987653367,0.011971706616662445,0.06053542196892563,0.004003484816326724,0.15664089033015272,0.11717695307798937,0.15366086619446082,0.01787810310476406,0.1726162039626438,0.18657690446154948,0.07114523132850044
2034,0.028668315901980688,0.019659804424648528,0.012285714456036864,0.060459744098084106,0.004029341141500141,0.14528999792295616,0.10867677921226493,0.14205376451584933,0.01870305553108934,0.18163880347171593,0.20147020805185184,0.07706447127202198
2035,0.02897621642636335,0.01990995354069016,0.012612642279072276,0.060397098650670965,0.00405286873295692,0.1343597349986158,0.10049323398253647,0.13092074396945771,0.019455701319949347,0.19002546566509965,0.2159525360148629,0.08284380441972455
2036,0.029299457840493367,0.02017157048573894,0.0129535901415923,0.060349986768343564,0.004084821520097,0.1239086282218943,0.09266982571319445,0.1203187014227,0.020135437309353514,0.19774102606223054,0.22992122891130345,0.08844572560305848
2037,0.029639593012770703,0.02044579123115455,0.013309721531206726,0.06032075152491053,0.004125231282256726,0.11397933628398021,0.08523821144059907,0.11028742461817717,0.02074373607760515,0.20476885389061,0.2432984288366356,0.09384292027009342
2038,0.029998236866685277,0.020733803299221743,0.0136822848903725,0.06031160054766642,0.0041513244844806774,0.10460030298646203,0.0782194366652759,0.10085156592334976,0.021284203894940724,0.21111245136602413,0.25603504996339765,0.0990197391121233
2039,0.030377052903661064,0.021036836893069753,0.01407261162880345,0.06032463009839747,0.00417800456078907,0.09578734936607729,0.07162512796720667,0.0920225393641096,0.021760067828810077,0.21677140233826891,0.26808300015482334,0.10396137689598334
2040,0.03077771764425615,0.021356140596806166,0.014482103323793957,0.06036185204587645,0.004201777118879088,0.08754532588218993,0.06545872934287413,0.08380044588186404,0.022175996777665262,0.22175996777665266,0.2794175593985823,0.10866238421055979
2041,0.03113967607832818,0.02165315244601046,0.01485460263634185,0.060425168881256576,0.004227719278634975,0.07986989075055134,0.059716831946358996,0.07617607944388208,0.022542175497451158,0.22615277264138578,0.2900944662480838,0.11314746415171484
2042,0.03145235160920912,0.021920546024976957,0.015179748679931259,0.06051517255289526,0.004257357405926559,0.07274939405361514,0.054390582212850945,0.06913298569576884,0.02286369307105848,0.22999211109913387,0.30012682455770723,0.11741923303692622
2043,0.03172216083368024,0.02216165723409136,0.015463013181363018,0.06063113259924969,0.004290053545765872,0.06616655061061816,0.04946693153119479,0.0626492671566042,0.02314403736248104,0.23331114745576026,0.309518905711268,0.12147514277792328
2044,0.03195516900052672,0.022379606651998642,0.015709582721286128,0.060772218071555396,0.004325177325133517,0.060099733740394165,0.04492960217062179,0.05669898051641533,0.023386659728383226,0.236145242834069,0.3182826632927498,0.1253153639468664
2045,0.03215712909879901,0.022577319093757257,0.01592439183870314,0.06093756157063648,0.004362101532164131,0.054524127027462094,0.040759946897267904,0.051253358313759705,0.023594894505615176,0.23853078466856448,0.3264361198655315,0.1289422655877392
2046,0.032333524201833254,0.022757545944062183,0.016112157012849848,0.061126267276105345,0.004400198700995263,0.04941279267851294,0.03693774616942958,0.04628191445866971,0.023771895308923603,0.24050419294662698,0.33400185075877353,0.13235991454321777
2047,0.032489620386041994,0.022922895515544855,0.016277415304454982,0.06133741741187916,0.004438839733874216,0.04473758424694974,0.033441888983025074,0.04175336995436438,0.02392058904865452,0.24210112531787617,0.34100563285236296,0.13557362124497185
2048,0.0326305230031346,0.023075866493951207,0.016424564189461706,0.061570076958113236,0.004477393650586641,0.04046989425681909,0.03025093034172919,0.0376363957357822,0.02404364632280484,0.24335587609938694,0.3474752879661455,0.13858954498208476
2049,0.032761215305097145,0.02321886964138957,0.016557891939408067,0.06182329640117961,0.004515225624501959,0.0365812271793646,0.027343518253415425,0.033900169725606534,0.0241434683928315,0.24430097607127413,0.35343976369587504,0.14141437777005642
2050,0.03288656581403015,0.02335422789691996,0.016681591354942828,0.06209611270992577,0.004551691355420114,0.0330436171262241,0.024698704752923895,0.030514771991497124,0.024222188357847233,0.24496697050010063,0.3589284495068958,0.14405510863327234
2051,0.033010436362225615,0.023483581245456697,0.016799157696723035,0.06238755492432691,0.004586273022454019,0.02983000875329471,0.022296229532914984,0.02745153234268567,0.024281734220140686,0.24538285644871202,0.3639714669054869,0.1465191685455787
2052,0.033132797560140606,0.02360596333878939,0.016911457492770267,0.0626966573768981,0.004618971810756525,0.02691446532380629,0.020116674490275713,0.024683207945599753,0.02432403649473822,0.2455780079410341,0.3686022598791832,0.1488155003460079
2053,0.033252609559201285,0.023719715218925557,0.01701867085648963,0.0630224439793585,0.004649909307790871,0.024272344401227407,0.018141594185363777,0.022184124463447797,0.024350839269595116,0.24558011656642478,0.3728543528314996,0.15095327936067576
2054,0.033368777347181314,0.023823118459609854,0.017120938184394266,0.06336392122405815,0.004679195400520715,0.021880408180478893,0.0163535975473169,0.019930252390686277,0.024363651540716652,0.24541458189222842,0.3767601309732821,0.1529414268595264
2055,0.03348018466986686,0.02391441762133347,0.017218380687360098,0.06372007571866616,0.004706934215660149,0.019716904830780188,0.014736408004927298,0.017899253831237524,0.024363761420428332,0.24510456366814243,0.3803506039656653,0.1547885113659322
2056,0.03358589490770228,0.023992202228120173,0.01731110230481882,0.0640898709769845,0.004733227547768876,0.017761587111264198,0.013274876818565533,0.01607047043849604,0.02435223719715316,0.24467092411575067,0.3836550215147512,0.15650258483862448
2057,0.033685665312132025,0.02405649623555893,0.01739914199783409,0.06447224343747171,0.004758169936275185,0.015995669154942327,0.011954950276319709,0.0144248551189405,0.024329902221352766,0.24413192748694976,0.38670011681140964,0.15809086201081335
2058,0.0337793721548327,0.024107635849760826,0.017482489755957904,0.06486609858292139,0.004781845549961835,0.01440178133643463,0.010763635527214307,0.012944902962602263,0.02429740496927928,0.2435039120600265,0.3895108943372544,0.15956002691375387
2059,0.03386683971281088,0.024145911731054914,0.017561103024851067,0.06527030725882807,0.004804330316658029,0.012963929327552453,0.009688969604702075,0.011614587108358006,0.02425524983106346,0.24280157716425693,0.39211087501541725,0.16091631990444674
2060,0.03394789730345503,0.024171612910456303,0.01763493663784474,0.0656837021488397,0.0048257003070856135,0.011667451867533433,0.008719987542270387,0.010419294703343797,0.02420380636997562,0.24203806369975614,0.39452204383060246,0.16216550267883664
2061,0.03402240835589185,0.02418505034965767,0.017703958482168197,0.06610507399919167,0.00484603618363415,0.010498949602379975,0.0078466689132502,0.00934573845555108,0.024143511185903365,0.24122500302173758,0.39676404120214315,0.16331356024849122
2062,0.03409023093033797,0.024186531373072306,0.01776812953092152,0.06653316764958529,0.004865417861123964,0.009446187557155948,0.007059864705511331,0.008381846669552578,0.024075449969213084,0.24037249802401559,0.3988518316594977,0.16436884407001265
2063,0.03415120235950751,0.024176351234751838,0.017827396213246943,0.06696667850970466,0.004883922498760357,0.008498011734093371,0.0063512347889098575,0.007516668093481787,0.024000790937920617,0.23948946611727143,0.4007983379254664,0.1653399395868853
2064,0.03420515119287929,0.0241548039537113,0.01788169695624284,0.0674042494676843,0.004901626329216352,0.007644274963312689,0.0057131923283542455,0.006740286963575074,0.023920601793309154,0.23858380817784355,0.40261534436472873,0.16623496350914244
2065,0.03425190563847309,0.024122190421098977,0.01793096692800296,0.06784446812120946,0.004918605955871567,0.006875761842135315,0.005138847541943696,0.006043739086977435,0.023835857883902956,0.23766250645126105,0.4043135704831829,0.16706157964594043
2066,0.034291271514029914,0.02407880483922527,0.01797512681207095,0.06828586434228931,0.004934935227150486,0.006184110001933714,0.004621948736872269,0.005418926510122558,0.02374745243907031,0.23673173945051093,0.40590278506732735,0.16782703505939683
2067,0.034323067886796906,0.02402496166331483,0.01801410175161484,0.06872690854294075,0.004950690338232625,0.005561746888032741,0.004156834958801758,0.004858547545451186,0.023656201431040833,0.23579694023491318,0.40739183488797087,0.1685381638708893
2068,0.03434715895856916,0.023961019294675725,0.018047838445772534,0.06916601044660506,0.004965954405990877,0.005001825938771104,0.003738388208787231,0.0043560277715612265,0.023562848571070393,0.2348628535010529,0.408788678790694,0.16920139566644976
2069,0.034363411694460964,0.023887351479135056,0.018076283273049106,0.0696015183233323,0.004980811300322238,0.004498154911946906,0.0033619798051330394,0.0039054456681558427,0.023468075638859807,0.23393364369585298,0.410100518346462,0.16982280586328982
2070,0.03437169095660133,0.023804345081275168,0.018099379989737013,0.07003171908699563,0.004995344788618225,0.004045137346232566,0.0030234265739290853,0.0035014711440148833,0.023372509016940848,0.23301296354623577,0.4113338692265044,0.170408143242915
2071,0.03437179743098175,0.023712358288573626,0.0181170372492847,0.07045485828026686,0.005011966515526155,0.003637712518005986,0.0027189459248205534,0.0031393040288452867,0.023276664466467385,0.23210340534958002,0.412493542795695,0.17096240715195274
2072,0.03436357874009176,0.02361179865681881,0.018129187304036568,0.07086920049237967,0.0050282299049897025,0.0032713198578737425,0.0024451292168475194,0.002814634848876969,0.023181142720244494,0.23120845185663377,0.41358606281601934,0.17149126358518768
2073,0.0343469199752305,0.023503116621364922,0.018135781361564456,0.07127297584846409,0.005044012055219286,0.0029418495392723163,0.0021989047963376367,0.0025235945566451073,0.023086436036381455,0.23033054775760586,0.4146162357323973,0.17199962571951696
2074,0.03432172296948585,0.02338679122549332,0.018136778940094075,0.07166436449661448,0.005059189012695451,0.0026455972552969025,0.0019775041708889585,0.0022627088381198023,0.022992999674420343,0.22947181128840402,0.41558837096547857,0.17249216116300828
2075,0.03428791494679574,0.02326333587987835,0.01813215268963979,0.07204158400466353,0.005073637005777171,0.0023792233017345533,0.0017784314066437309,0.00202885698749216,0.022901253106494792,0.22863404477799096,0.4165062742792758,0.17297329161361333
2076,0.034246360318180555,0.023133913802018676,0.01812237114585781,0.07240474305212452,0.005087367924741596,0.0021397207612867198,0.00159943933231316,0.001819239318663944,0.02281147503650631,0.22781768413376965,0.41737129929111927,0.1734463858834177
2077,0.034198810823026976,0.023000290192037372,0.018108374057657584,0.07275594364497001,0.005100524667573556,0.0019243791897166612,0.00143850238422143,0.0016313413977916134,0.022723810040227214,0.22702186082971143,0.4181823866444244,0.1739137761286418
2078,0.03414700915620528,0.022864218256066406,0.018091098731669555,0.07309749370395643,0.005113249709256673,0.0017307555030315642,0.0012937948364274388,0.0014629050409096195,0.022638378569458738,0.22624549687215995,0.41893802623662213,0.1743775733842363
2079,0.03409269852425378,0.022727445257905207,0.018071484761760775,0.07343181865362097,0.005125686685680996,0.001556651881578571,0.0011636742782714904,0.0013119057746480748,0.022555280860868707,0.2254873415377478,0.419636317893415,0.1748396938902485
2080,0.03403769407691202,0.022591759761919177,0.018050511602646604,0.07376145636610093,0.005137991292196775,0.0014000949491890823,0.0010466660470878754,0.0011765317962884967,0.022474594509537572,0.22474594509537574,0.42027491732835265,0.17530183717439307
2081,0.03398395061674397,0.02245903549743915,0.018029234272004216,0.07408905362454776,0.005150341814252423,0.0012593150945312964,0.0009414477687835023,0.0010551634475736284,0.02239631682786971,0.22401953707135389,0.4208516001758649,0.1757650037890355
2082,0.03393348880223097,0.022331181363137633,0.01800874401100566,0.0744173642507714,0.005162928299291321,0.0011327219349398353,0.0008468310155501914,0.000946349845151591,0.022320207060487967,0.22330580451274692,0.42136620764905736,0.17622817125562903
2083,0.03388830844291278,0.022210084709877995,0.017990121977300242,0.07474924923877409,0.0051759394047204265,0.0010188833681078386,0.0007617456460322898,0.0008487889231305581,0.02224596244590454,0.22260226274265799,0.42181890520869214,0.17668974789188915
2084,0.03384983225835859,0.02209724998603691,0.017974143533736612,0.07508632588724348,0.00518947686420568,0.0009165118441957021,0.0006852295438371607,0.0007613138329582354,0.022173344455080745,0.22190705994219834,0.42221091318050386,0.1771485986716447
2085,0.03381708877750233,0.021992626034320124,0.01796031256302018,0.07542481091447148,0.005203274005249791,0.0008244505460921419,0.0006164182878925436,0.0006828795135709165,0.022102398349182314,0.22122117610130215,0.4225487394880155,0.17760582541938036
2086,0.03378848110049962,0.021895781565546456,0.017947799896586816,0.07575940394926702,0.005216962175273485,0.0007416593221043287,0.0005545346378867898,0.0006125492973822755,0.022033239657492532,0.22054628761112616,0.4228401936066419,0.1780631071801927
2087,0.03376244699742608,0.02180633604704885,0.01793579427559606,0.0760846160837559,0.00523017168826516,0.0006672041002307345,0.0004988806228062378,0.000549484620615865,0.021965979128707774,0.21988401607516628,0.42309296433123833,0.1785221060291427
2088,0.033737460831272284,0.021723956542081122,0.01792350398250241,0.07639477759956126,0.005242532820421751,0.0006002458175751477,0.00044882926699644577,0.0004929345172848913,0.02190072343305226,0.2192359350768936,0.42331462884892435,0.17898447126343453
2089,0.033712006284040974,0.021648334889633646,0.01791014292738814,0.07668405418623676,0.0052536724465224996,0.0005400300358414313,0.0004038168290282473,0.0004422258586767369,0.021837577334043356,0.21860359174768138,0.4235126915000352,0.17945185596087174
2090,0.03368453616964307,0.021579155983677593,0.01789490984012288,0.07694647227930504,0.00526320877650673,0.000485877697973043,0.00036333589356576343,0.000396754694144335,0.0217766462725364,0.21798853254100325,0.4236946322286008,0.179925937622921
2091,0.03365316048279993,0.02151565015880929,0.017876831666899705,0.07717595400695855,0.005270748647905282,0.00043717732647296885,0.00032692954099355,0.0003559789153566167,0.021718059678149798,0.21739253654820045,0.4238683612550707,0.18040861177238315
2092,0.03361489699829371,0.021455379921297514,0.017854391812727587,0.07736658282362602,0.005275906898209295,0.00039337864324353764,0.0002941865798234433,0.00031941220091237965,0.021662023729998,0.21681814355259713,0.42404325908258034,0.18090243775669101
2093,0.0335686857616183,0.021396878364877414,0.017827105821054092,0.07751753911949659,0.005278646537030828,0.0003539868933555523,0.00026473730534144784,0.0002866186345944636,0.02160850042308142,0.21626544177712953,0.42422389809402317,0.18140796126839726
2094,0.03351569093085011,0.021340074070923972,0.01779567216650203,0.07763323554737597,0.005279284332648694,0.0003185572133124732,0.00023824929132076547,0.00025720745119152963,0.021557184997824264,0.21573184317559338,0.42440953068390225,0.18192347013855467
2095,0.03345723163944798,0.021284972288903456,0.017760872268425897,0.07771847563899932,0.00527816649254279,0.0002866900115882269,0.00021442393853516686,0.00023082868628635457,0.021507755487573135,0.21521458233213084,0.42459894796067904,0.1824470532548878
2096,0.033394657010536406,0.021231581646869432,0.01772350345530877,0.07777819271712787,0.005275647990467248,0.00025802613540359997,0.0001929928631564296,0.0002071687277212455,0.021459886944483086,0.21471085960243846,0.42479076403989047,0.18297671886659694
2097,0.03332936196889743,0.02117992982570567,0.017684386807622455,0.07781741380830796,0.005272094135395902,0.00023224292581326532,0.0001737149492469088,0.00018594665287730271,0.021413251427822126,0.21421784163270638,0.4249834213623781,0.18351039450322654
2098,0.03326276436544853,0.021130053574038084,0.017644354565651638,0.07784122949775148,0.005267876210111635,0.00020905034099726703,0.00015637345200065754,0.0001669106815575254,0.021367520166207635,0.21373268351374383,0.4251752381370963,0.18404594549539552
2099,0.03319630255854119,0.02108200063123626,0.01760424850878181,0.07785477015320394,0.005263370516258485,0.00018818764753738515,0.0001407735255426518,0.0001498351400826706,0.02132236434574237,0.21325253706245903,0.4253644278743241,0.18458118203629006
2100,0.033131440914878206,0.02103583550150997,0.017564922643760826,0.07786318878609992,0.005258958875377493,0.0001694204773836781,0.0001267400240163433,0.00013451776601955043,0.021277455289948462,0.21277455289948463,0.42554910579896926,0.1851138610225516
