year,hydro,nuclear,biofuels,biomass,other,coal,gas,oil,geoth.,wind,PV,CSP
1950,0.021839387832401323,2.6277451078809578e-05,1.3623782822560987e-05,0.14532459611599874,5.985185085205585e-05,0.48540281265738,0.07797055407038983,0.2693628962390768,0.0,0.0,0.0,0.0
1951,0.021906505690034207,3.243180501771232e-05,1.4915378999373963e-05,0.142636785405005,6.335987972758585e-05,0.4785155954715122,0.081538475419049,0.27529193095065513,0.0,0.0,0.0,0.0
1952,0.021959110562336407,4.0033664280900294e-05,1.6318707727405104e-05,0.1398241665112411,6.70749761265524e-05,0.4715155195606519,0.08525205985529806,0.2813257161623377,0.0,0.0,0.0,0.0
1953,0.021995227064607076,4.932585488107574e-05,1.784767573559534e-05,0.13692733059016313,7.093886305034098e-05,0.4643520540641492,0.08910632846952792,0.2874809474178856,0.0,0.0,0.0,0.0
1954,0.022013038159082104,6.077779872079928e-05,1.947495873245385e-05,0.13397392433341435,7.496773147753146e-05,0.45698196998908863,0.09309377782670247,0.2937820692027817,0.0,0.0,0.0,0.0
1955,0.022010713351677768,7.478749191540606e-05,2.124368087415765e-05,0.13098029608614908,7.91683491824173e-05,0.44936838121135153,0.0972036431765332,0.3002617666523165,0.0,0.0,0.0,0.0
1956,0.021986615818475826,9.197913271384482e-05,2.3186614884338827e-05,0.12795298221569956,8.350517561942458e-05,0.44148001997718705,0.10142098919103402,0.30696072187438594,0.0,0.0,0.0,0.0
1957,0.02193909653130843,0.00011294669747310225,2.5230731683544076e-05,0.12489049094974614,8.797179069889703e-05,0.4332910646626878,0.10572616731946789,0.31392703131693417,0.0,0.0,0.0,0.0
1958,0.02186664369201016,0.00013857048956194672,2.7432425684380087e-05,0.1217858558107006,9.25844366847828e-05,0.4247809776457266,0.11009358039294319,0.32121435510668844,0.0,0.0,0.0,0.0
1959,0.021767866050981816,0.0001697787451239846,2.9804235650321838e-05,0.11862964106185174,9.731756316470509e-05,0.4159349721934972,0.11449121461599718,0.3288794055337331,0.0,0.0,0.0,0.0
1960,0.021641631774601277,0.00020774606507842607,3.235022843818829e-05,0.1154149341795877,0.000102167445733051,0.4067446507555176,0.11887979183564673,0.33697672771539694,0.0,0.0,0.0,0.0
1961,0.02148704824014477,0.0002538677092167258,3.504014389819094e-05,0.11214211386361425,0.00010712043990793989,0.3972098178749854,0.12321282599400542,0.34555216573422726,0.0,0.0,0.0,0.0
1962,0.02130381701801166,0.0003097988948525077,3.791849073739908e-05,0.10882225878900073,0.00011213003121608636,0.3873421576154577,0.1274374440143516,0.35463447514637214,0.0,0.0,0.0,0.0
1963,0.02109259560702508,0.0003775398887317725,4.096658037678094e-05,0.10547809895453335,0.00011724751246986716,0.37717085134085476,0.131496829232573,0.36422587088343533,0.0,0.0,0.0,0.0
1964,0.020855507893458965,0.00045943983212574186,4.4209555403290954e-05,0.1021406142838573,0.00012239645982177333,0.36675058758330475,0.1353348094935237,0.3742924348985046,0.0,0.0,0.0,0.0
1965,0.020095617387252903,0.0005587469174357847,4.766736826325784e-05,0.09889032152304057,0.000127715447630885,0.3563531227385084,0.138973722214568,0.3849530864033002,0.0,0.0,0.0,0.0
1966,0.020502235336458174,0.0007140586038808895,5.161519217399079e-05,0.09622354934215128,0.0001338548447086559,0.3435993445244316,0.14408762922536061,0.39468771293083477,0.0,0.0,0.0,0.0
1967,0.020264841007482066,0.0008463949623290386,5.6617461534860484e-05,0.09485904828332709,0.0001420649194178546,0.32654916872675166,0.1491009221288366,0.4081809425103208,0.0,0.0,0.0,0.0
1968,0.02019070645231177,0.0009814947887662902,6.105446676781021e-05,0.09191895520871941,0.00014821261954541648,0.3144093849828881,0.15351296157409944,0.41877722990690175,0.0,0.0,0.0,0.0
1969,0.02013886614019284,0.001125829858252972,6.528340942955e-05,0.08834774245940354,0.00015336675855836396,0.30264724135684823,0.15909661803103411,0.42842505198628045,0.0,0.0,0.0,0.0
1970,0.01986711766421672,0.0013094466031373742,7.012684949616372e-05,0.08526918549349317,0.00015940691482912078,0.29078136246798814,0.16361825144653347,0.43890430667255353,2.0795887752062075e-05,0.0,0.0,0.0
1971,0.01998640528662018,0.0017970500514520205,7.686796131770183e-05,0.08396416181640559,0.0001690801011382357,0.27876698887752954,0.16848963623299468,0.44671515045784066,3.46592147012852e-05,0.0,0.0,0.0
1972,0.019953833808726368,0.002351256670539181,8.330647515322803e-05,0.08171788427430496,0.00017729126907141884,0.2695580228274395,0.16879592602653132,0.45733005397227605,3.242467595784325e-05,0.0,0.0,0.0
1973,0.019092867320003492,0.0029934979801302165,8.970106878727422e-05,0.07899169793041713,0.00018472125876766633,0.262541346378616,0.16814672937654448,0.4679246427689289,3.479591780497954e-05,0.0,0.0,0.0
1974,0.02093157245499203,0.003889885173003856,0.00010186046605062748,0.08050205747506338,0.00020299715558784418,0.2620501108589283,0.17138044092347027,0.4608965706228034,4.45048701001364e-05,0.0,0.0,0.0
1975,0.02110740894377332,0.005359209969430851,0.00011523316380447188,0.0816856479006699,0.00022221437395891712,0.26666067603269783,0.1701007860669837,0.4546955756481229,5.324790055810419e-05,0.0,0.0,0.0
1976,0.020136784740526183,0.006069765262512352,0.0001246505041461629,0.07921295839750209,0.00023257823279226755,0.26381964074856357,0.1710141471179312,0.4593363934892045,5.3081506821792964e-05,0.0,0.0,0.0
1977,0.01999348906155709,0.0072481598937697254,0.00013684584353625576,0.07793376203666465,0.00024708051710294884,0.2633301691849122,0.17065419798447862,0.46040814902244354,4.81464555349616e-05,0.0,0.0,0.0
1978,0.02075967684552834,0.008093012722457731,0.00015008087851487304,0.07656593050641204,0.0002621776795578032,0.25770112471023265,0.1712532712431082,0.4651845681211699,3.0118093764302836e-05,3.9199254357010194e-08,0.0,0.0
1979,0.021092219302940925,0.008107247454855384,0.00016536764098472225,0.0755768013938941,0.0002795458351624784,0.2597243029420612,0.17603523527158962,0.4589708789459948,4.832516976354583e-05,7.604275336513898e-08,0.0,0.0
1980,0.021643377109477835,0.009079108262509848,0.00018917175175556247,0.0774526044871468,0.0002268453003747637,0.25892250205197687,0.18285923729058526,0.44947166102382335,0.00015535233988534452,1.4038246436694238e-07,0.0,0.0
1981,0.02216432936934574,0.010731745299435767,0.000216147256470176,0.07928865153609342,0.00023076758577236323,0.2640137011611365,0.18606865660430308,0.4370911362013704,0.00019472378886231783,1.4119721011769916e-07,0.0,0.0
1982,0.023176748850546366,0.01180985263860188,0.0002464175386939237,0.08098994384825875,0.0003518686324128039,0.2688746669179837,0.1869990163265371,0.42736525186535146,0.0001859886258384061,2.4475577579510427e-07,0.0,0.0
1983,0.024032147835694753,0.013132782383005224,0.00027719677487400985,0.08163462240399723,0.00036104079499489085,0.27347411568762947,0.18765476718946875,0.41920722997968274,0.00022563774104948506,4.20942136617842e-07,2.5511644643505574e-08,1.2755822321752787e-08
1984,0.023780186407570795,0.015219047859862703,0.00030184970889910953,0.07966565415919605,0.00038267065011607045,0.27585070031895786,0.1952209660428065,0.4093336253484013,0.00024467592355410057,5.50218207982336e-07,3.668121386548907e-08,3.668121386548907e-08
1985,0.023597382354266283,0.01765405827125795,0.0003340781196247928,0.07903414637191329,0.00037888156449388585,0.2804675635567421,0.19758222694873484,0.40068951322302027,0.0002612442291888356,7.743217007421028e-07,7.147584929927103e-08,5.9563207749392526e-08
1986,0.023406649891835968,0.018627230157678854,0.00037169246035861827,0.07883183029608908,0.00040147779107507363,0.2787943122128466,0.19579194060984725,0.40347924163117965,0.00029381659567693407,1.6333514689791443e-06,1.0500116586294497e-07,7.000077724196332e-08
1987,0.023108811355807744,0.019650648893663702,0.0004095974179789998,0.07788998751153407,0.000433590193346912,0.27971352445133163,0.19926471876415658,0.39924382241489276,0.00028294498913828954,2.2295173337163727e-06,7.9221428101597e-08,4.5269387486626855e-08
1988,0.022943664346958756,0.020736317080072796,0.0004503370907025671,0.07677119773871743,0.0004439076155172963,0.2787979041356706,0.201781783918899,0.3977899538869715,0.00028115536376612416,3.6692916304356067e-06,7.667176541208731e-08,3.2859328033751704e-08
1989,0.022451761969313592,0.02091831083034171,0.0005018772500032209,0.07666609906803544,0.0008772831952226212,0.2741126917779651,0.20693179013555846,0.39723066955144454,0.00027817239917107465,2.8517828623301608e-05,2.1168094343596145e-06,7.091848866382466e-07
1990,0.023052666828145624,0.0213235924854034,0.0007962591548743812,0.07729443128160815,0.001009213299128477,0.26900966632054657,0.20897063342436542,0.3982069659337798,0.0002937078210995631,3.875281946995323e-05,3.2906351239943798e-06,8.19996454846496e-07
1991,0.02348804456960429,0.022257288781972223,0.0008838348281745592,0.07831896430798664,0.0011008952785599739,0.26153342885380143,0.21315256617432654,0.39893455152412083,0.00028160857492909454,4.3456671909525555e-05,4.330806580138355e-06,1.0296280349838738e-06
1992,0.023459939632998347,0.022402746130015052,0.0008554049598057592,0.07943560038026243,0.0012113565163546379,0.2577520061088697,0.21300096422092335,0.4015571661877179,0.0002703019054821871,4.960727748616474e-05,3.995288103457403e-06,9.113919811600441e-07
1993,0.024697357859483234,0.022998592119524864,0.000862696707479573,0.08003206426381135,0.0012375769328952513,0.2569510378262529,0.21504863683656153,0.39782269119180697,0.0002838813029110674,5.9659873728031615e-05,4.76395607241289e-06,1.0411294727789758e-06
1994,0.024528139166366335,0.023136937924508973,0.0009610100217197903,0.08021051730439689,0.0012883508794022788,0.2554559536155875,0.21321774442756847,0.400846522258124,0.0002745861625795419,7.408923807232078e-05,5.089545304281114e-06,1.0594563694625992e-06
1995,0.02528439348808717,0.02362232814730813,0.0009608591331602896,0.07960707449586454,0.0013460849985799232,0.2554608322602463,0.21483535888431143,0.3985495964631505,0.00024307587455479795,8.396261079182077e-05,5.3766155560916596e-06,1.0570283890993053e-06
1996,0.025050938813921408,0.023894690951216036,0.0009701208840940187,0.0787982595916821,0.0013375420497522296,0.25545968501154653,0.21688289389861157,0.3972419407395358,0.0002659027720138221,9.113831155719134e-05,5.805304035382941e-06,1.0816720339431462e-06
1997,0.025203705969425783,0.023467229526984348,0.001078070471999018,0.07896009283607593,0.0014200451297819781,0.25190807708638097,0.21437585547636168,0.40319709064537346,0.0002648147182108801,0.00011783499356244897,6.103711358747774e-06,1.079434484666005e-06
1998,0.025465129778313198,0.02374681908956034,0.001009139151360958,0.07961911566062155,0.0014658549597147763,0.24841186591743628,0.2156640159547723,0.40416930465565193,0.0002852275986810568,0.00015583976401909523,6.583678133939462e-06,1.103791734621898e-06
1999,0.025211719671324056,0.024202833947541778,0.0009738660902529602,0.07915728838259714,0.0015091045581351714,0.2458758580073917,0.21695397501512165,0.40558068162053607,0.00032273296442022494,0.0002035779900951205,7.2206418531147315e-06,1.1411107311031248e-06
2000,0.024883390346921275,0.024137561895447388,0.0016651077711083012,0.07812946067342028,0.0015403356829973537,0.25046129640209136,0.21964488063506069,0.39893756693157006,0.00031529978636950977,0.0002755566656377885,8.30941541168868e-06,1.23379396439022e-06
2001,0.02406511321941206,0.02462862254287557,0.0015629754320045672,0.07850286880045709,0.0016097629386309035,0.24930913061252852,0.22059530200932026,0.3991010398374934,0.0002567840099002512,0.00035679647945718185,1.0184909253710794e-05,1.4192086665006841e-06
2002,0.024088880936274797,0.024557296500625984,0.0018212691832630635,0.07798668125456364,0.0017162918858210736,0.24981133350486395,0.22390592570492787,0.3953587928417262,0.00025653127319930693,0.0004825970114520829,1.2743277240855468e-05,1.656626041311211e-06
2003,0.02321344716434384,0.02325406369585089,0.0020245819375505087,0.07628119716602155,0.001745173974597711,0.26079501961462725,0.2221351618078445,0.38969614709453676,0.000280041221997516,0.0005575845888741998,1.5681956621280496e-05,1.8997771341540027e-06
2004,0.02365269134316076,0.023267765576887832,0.0024344864967318094,0.0739865517013396,0.0017834905074216446,0.26787026550430443,0.21963102867100276,0.38632658963179,0.0003042307491502055,0.0007209962830147438,1.9695483552564628e-05,2.2080516434625297e-06
2005,0.023981410454988115,0.0227010312133921,0.002739523030996572,0.07286311279203302,0.001861099577363414,0.2730013111286133,0.2197417182327481,0.3818866241798906,0.00033875147923952874,0.0008552999260514506,2.7297242311880115e-05,2.8207423716691975e-06
2006,0.024291891206135893,0.02239322002775384,0.003547347711967988,0.07177946896872435,0.0019251758462203801,0.2793391030347932,0.21943486653060137,0.37585152929459337,0.0003351112610248963,0.0010622936789982567,3.652871565674225e-05,3.4637235296102547e-06
2007,0.02406282828467076,0.021363958047143913,0.004581829722431808,0.07077608641143163,0.001999633680657159,0.2832952027350994,0.22165977681670976,0.37053449556258233,0.000347627835004711,0.0013262106870219983,4.818272631456484e-05,4.1674909318390765e-06
2008,0.024765868398026435,0.021069798788768055,0.0061806224978381025,0.07090710090124488,0.002042656536418177,0.2854956685283233,0.2252051709739195,0.36216966537092016,0.00039082897666790494,0.0016864548577677383,7.991447773179575e-05,6.249692373901393e-06
2009,0.025246366888170065,0.0210114145160731,0.007298762277443696,0.07218730827911657,0.0022127808484347943,0.28683284984547974,0.22034169272678936,0.36220547392537145,0.00036461059845915844,0.0021509168259742674,0.00013815265992029823,9.670608767609287e-06
2010,0.025478268984976966,0.020352588676133685,0.007751029118465063,0.06938440870356999,0.00222487274511582,0.2915825085198794,0.2255379351676511,0.3544517716252405,0.0004884051758151994,0.0025241597294525095,0.00021098279903307397,1.3068754666821404e-05
2011,0.025279412162563696,0.019081289238663795,0.007840437290000094,0.06861352243343159,0.002304642353668195,0.2979035106833415,0.2245554299121602,0.3502162808367269,0.0006464720217241968,0.0031334076690146045,0.0004037808672744681,2.1814531430621265e-05
2012,0.026033851283026092,0.01748562500574152,0.007978045848758879,0.068247957256254,0.002401473785819122,0.2994882099254415,0.22598703582919177,0.34725898167731467,0.0007642896664690406,0.003689559482479007,0.0006356019336725716,2.9368305831756916e-05
2013,0.026147636331949206,0.017207854291498723,0.00807869346669604,0.06754570584920075,0.0026288266948644155,0.29888469502085757,0.2262696982592818,0.34214481180047746,0.0015513269533313347,0.007959439865232436,0.0015226698614380866,5.864160517214256e-05
2014,0.02635308564761041,0.017377096481710222,0.00827001502538791,0.06756884776174564,0.0027773909719828334,0.30088809744366,0.22611458260764508,0.3395322392395802,0.0008793324289052544,0.007987453050278471,0.001982816194727583,0.0002690431467663906
2015,0.026663305026971913,0.01761616116023336,0.008498752288645408,0.06783971814370272,0.002897873009932487,0.30390306452036375,0.22826558069789832,0.3373235898740639,0.0005213352398648264,0.004732204477722813,0.0014488482408766656,0.00028956731972383905
2016,0.026770183588489028,0.017721491771443488,0.008666792641839522,0.06757347607207466,0.0030271235982014745,0.3043911829215235,0.22852059806796937,0.33150687394767087,0.0008342270660189802,0.007568511409555618,0.002750860806748227,0.0006686781084653195
2017,0.0266726351141531,0.017691575930141302,0.008770805173632731,0.06677988271261555,0.0031195287573411723,0.3023945206800197,0.22691486808971212,0.3231071767266916,0.0016452062344003203,0.014923063574398631,0.006264809444711663,0.0017159275621821297
2018,0.026456677614373623,0.017582773606484976,0.00883638924170229,0.06568534396901998,0.003178026615822486,0.2988922714717216,0.22418621800194827,0.313304493400521,0.002674289643385346,0.024262433082430944,0.011521986798316926,0.003419096554272546
2019,0.026205614503701333,0.01745010543923459,0.00888996630727396,0.06450306014163236,0.0032359974711021837,0.29482625611472557,0.22104297254717936,0.30315734447112563,0.0037043419099951824,0.033631435819909565,0.01777060570707218,0.005582299567048298
2020,0.025995431888933815,0.017344121192914428,0.008957130729795208,0.0634214079446091,0.0033052410368443284,0.29104409233344203,0.2181215134413445,0.29355208291284257,0.004578980061659257,0.04162711995117387,0.024143726197713294,0.007909152308727671
2021,0.02566751887352935,0.017158949694029972,0.00898301335945559,0.06205471599838407,0.0033422137006855032,0.24777762063126246,0.18585320923120272,0.23581122744818256,0.011998344664559709,0.10929482082072724,0.06879698066031059,0.023261384917670085
2022,0.025240489302052853,0.016906589766879213,0.008972265349337523,0.06045605783574333,0.0033041792907141663,0.16732280727492183,0.12582117576854437,0.1378955849439663,0.02460255166042493,0.2247054877183779,0.1520799438688341,0.05269286722020362
2023,0.024971504786264392,0.016759248157931075,0.009016022974686061,0.05924345547348369,0.0033054059571686694,0.09665029948506697,0.0729178159686522,0.0666716099813948,0.03402554344112216,0.3117830464933574,0.2251343169191345,0.07952173036173825
2024,0.02490910584516665,0.016750181010839315,0.009134709021066629,0.05852137647762603,0.0033278033345274893,0.051009877760778734,0.038617353799993946,0.0293916882444138,0.038876119705888744,0.35758369369244625,0.27369989582432774,0.09817819528292461
2025,0.025004031690910315,0.01684701927520119,0.009313498746786846,0.05816186880063898,0.003392153489234243,0.025668787289844258,0.019497776269410863,0.012449952255306323,0.040673893219219666,0.37572145957644243,0.30315670928065763,0.11011285010634729
2026,0.02520369140522206,0.017014873163937388,0.009535269070998598,0.05803326369111209,0.0034493250952848348,0.012613019297792842,0.009611363262981563,0.0051895101484915225,0.040881792478209125,0.37941840359634177,0.321185935286763,0.11786355350286522
2027,0.025472461205892746,0.017230070225014046,0.009788272369766312,0.058047371867089775,0.003498039013882892,0.0061272788493516766,0.0046834633162335555,0.0021500742022859667,0.040358044103358526,0.3764556856115378,0.33296260566413904,0.12322663357144767
2028,0.025787373163274258,0.017477319579683764,0.010064873281356128,0.058148051738114964,0.003572640384560422,0.0029606968787513673,0.0022698299044759712,0.000888939122417816,0.039530611681353,0.37071788064055944,0.3413512759985568,0.12723050762689592
2029,0.026132224072853046,0.017745802131206818,0.010359620698851282,0.05829650193961745,0.0036372735408694,0.0014270269043182055,0.0010972622843801487,0.0003672879550656656,0.038601802510786105,0.36403938728213053,0.34786068417530674,0.13043512650461467
2030,0.026493958749365384,0.018026760812062437,0.010667936569245232,0.0584623375728595,0.003708262984291035,0.000686931847140086,0.0005297387740676999,0.00015170929802393998,0.0376612291543995,0.35722646000410957,0.3532506569631183,0.1331340172713174
2031,0.02686243003229979,0.018313340358857278,0.01098613852132991,0.05862255479063902,0.0037793513877913583,0.0003304039778174958,0.0002555383247406298,6.264702779611725e-05,0.03674836081371671,0.35062700731033164,0.3579219720209273,0.13549025543375276
2032,0.027234555243957376,0.018603481568787484,0.011313218367809746,0.05877031486250678,0.0038545411726614745,0.00015884558950203387,0.00012321083611555262,2.5864908619695832e-05,0.03587814338523318,0.3443636609777851,0.36208000035372884,0.13759416273329272
2033,0.027609552505567334,0.01889664999081439,0.011649076261487298,0.058904015713916714,0.00389559254841494,7.634467584014566e-05,5.939032598825874e-05,1.0676631068076545e-05,0.035056815809967314,0.33847967659437384,0.3658549394243726,0.13950726951818926
2034,0.027988288594752442,0.01919346543025998,0.011994292297588765,0.059025608846503125,0.003933763310817089,3.668854194605586e-05,2.8624140252166667e-05,4.406014275276917e-06,0.03428325190189918,0.332949300676567,0.3693008523090707,0.1412614579360683
2035,0.02837219099767713,0.019494919358781785,0.012349723545722037,0.05913809327381485,0.0039683847148629554,1.7631844284912613e-05,1.3794091901188664e-05,1.8197094636003736e-06,0.03355590859241372,0.3277433594029274,0.37246065680295876,0.14288351766519156
2036,0.028762803677329904,0.01980210342220902,0.012716329682668902,0.05924460076505434,0.004010002982169458,8.469746025268306e-06,6.6495152254290485e-06,7.497969690394773e-07,0.032872263281142615,0.3228236248890072,0.3753596589844459,0.1443927432577529
2037,0.029161802726892457,0.020116206055662132,0.013095165648901334,0.059348377029538546,0.00405873230866679,4.068774180770355e-06,3.2049572256249002e-06,3.09207205535021e-07,0.032230159080383215,0.31815545101701664,0.3780199930336107,0.14580653016071624
2038,0.029571041753299922,0.020438536267775965,0.013487439063104114,0.059452718991899765,0.0040922065131432225,1.953651579691653e-06,1.543384747956406e-06,1.2698735267995745e-07,0.03162838339058371,0.3137136733812711,0.38046877566838705,0.1471436009468548
2039,0.029992508474629174,0.02077053276897367,0.013894467249669711,0.05956098347783295,0.0041251152553115865,9.382454569802525e-07,7.437904399895266e-07,5.347512967244962e-08,0.031064548706049893,0.309461640055684,0.38271378806292283,0.1484146804378997
2040,0.030428307398944,0.021113691982313543,0.01431769395533133,0.059676581299991156,0.004154075495571984,4.501247520750375e-07,3.581637812209976e-07,2.4200255487905245e-08,0.0305371504680264,0.30537151436036625,0.38476810944927575,0.1496320431013907
2041,0.03081900973508806,0.021430176037402163,0.014701635932428538,0.05980293064974562,0.004184182022385479,2.169181304555181e-07,1.7353450436441448e-07,9.640805798023028e-09,0.030049750558852208,0.30147198377737755,0.3867091870550066,0.1508307441382732
2042,0.031154565522808902,0.021713006436256628,0.015036030203548332,0.059942230183476025,0.00421704950071081,1.056566410338429e-07,8.16437680716059e-08,3.717672992013536e-09,0.029600519620737214,0.2977596823626342,0.388559712577128,0.15201701257461775
2043,0.03144187975388125,0.021965848585283426,0.01532638885179978,0.060095427569316566,0.004252150322410698,4.786614077022924e-08,3.829291261618339e-08,1.5350671345012516e-09,0.029186135217329347,0.29422054022666394,0.39032348280140483,0.1531880589777896
2044,0.031687636118253495,0.02219224296094608,0.015578057697902074,0.060263425297320476,0.004288967039276978,2.3862832111401045e-08,1.9090265689120836e-08,6.342740775210398e-10,0.02880350264077323,0.290841452958725,0.3920036296126632,0.15434104208676763
2045,0.031898316020957454,0.022395607319048997,0.01579622543392676,0.060447110847838395,0.0043269938832484,9.520946074113421e-09,9.520946074113421e-09,2.6201643595960135e-10,0.028449715101560684,0.28761022427440575,0.39360271818029174,0.1554730696348132
2046,0.03208021309227919,0.02257925787220025,0.015985928568001604,0.06064738452104332,0.004365728458586645,4.750370726698119e-09,4.507151745491175e-09,1.0826094886145012e-10,0.028122052190931064,0.2845154408001679,0.39512276877688035,0.15658121635412636
2047,0.032239463244115064,0.02274640022864714,0.0161520835535525,0.06086514176045136,0.0044046618851149855,2.683664326151234e-09,2.1748161512156843e-09,4.4753031005282193e-11,0.027817947245172298,0.28154643498974524,0.3965653572707296,0.15766250491923833
2048,0.032382074577051174,0.02290016783520213,0.016299509910625173,0.06110128647776559,0.00444330193829278,1.291583191640968e-09,1.0495593519165329e-09,1.8499904461128056e-11,0.02753498593754769,0.2786931748029188,0.39793159511944526,0.15871390104150904
2049,0.03251396364321252,0.02304363570293658,0.016432930968146665,0.061356713797631156,0.004481147446085359,6.218321101508647e-10,5.06835761013376e-10,7.652226195692147e-12,0.027270863638350292,0.27594622845356764,0.39922218695523426,0.15973232825851552
2050,0.032640948470197266,0.023179803986082114,0.01655700284720151,0.061632340875375224,0.0045176964911649835,2.9935061147740334e-10,2.4475980780405894e-10,3.165225887160723e-12,0.027023412855042863,0.27329667736707547,0.4004374622875174,0.16071465427306758
2051,0.03276767829376666,0.023310881498458752,0.01667561907442991,0.061928757984120286,0.004552547472694565,1.441986573428422e-10,1.1822586768364918e-10,1.3099937079472772e-12,0.02679063448505169,0.2707369626017861,0.401578703637196,0.16165821468876146
2052,0.03289424454009533,0.023436002821437887,0.016789697284004007,0.06224524813584078,0.004585715053486442,6.948533616413173e-11,5.713133566083583e-11,5.419666887461228e-13,0.02657098901582235,0.2682634715289218,0.4026521823371851,0.1625624491560475
2053,0.03301955653897556,0.023553475079247134,0.01689939274947141,0.06258074832260067,0.004617318300460591,3.3476405722016646e-11,2.7615902767284888e-11,2.2447100242133436e-13,0.026363081683741352,0.2658737312831144,0.40366532718456316,0.1634273687965089
2054,0.03314246297028545,0.023661544444632292,0.017004822268475894,0.06293417397605444,0.004647458852416897,1.6138508822654513e-11,1.335388075713476e-11,9.297906317578731e-14,0.026165593955529847,0.2635655112967605,0.4046254142637165,0.16425301794254274
2055,0.03326178469973701,0.02375841764266929,0.01710606070272189,0.06330441309761348,0.004676231545784269,7.78325761973846e-12,6.457537915277513e-12,3.8521898365823985e-14,0.02597726853483699,0.26133677325703975,0.40553956777138195,0.16503948273393604
2056,0.03337650925846134,0.023842627329889315,0.017203179590097952,0.0636903119624721,0.004703718013666918,3.7531931601050176e-12,3.1237727164086034e-12,1.5964044990272897e-14,0.025796882585109236,0.2591854927120838,0.4064145189614104,0.16578675957991593
2057,0.03348630975787422,0.023914126999389093,0.017296171463744552,0.06409068382037209,0.0047300104477778,1.8105093088607251e-12,1.5113028416346644e-12,6.61403769657608e-15,0.025623201975437108,0.2571091909947723,0.4072558446343072,0.16649445990299713
2058,0.03359096045110168,0.023973169612774525,0.01738497918069397,0.06450429130427203,0.004755174994234698,8.736117550887259e-13,7.31518276851403e-13,2.74283471627802e-15,0.025455032356270724,0.2551054497705643,0.4080688111726794,0.1671621311558008
2059,0.03369018100686786,0.02401996157778038,0.017469499126880422,0.06492984165514647,0.004779268429456715,4.216763077840738e-13,3.5407567999163324e-13,1.1375520830083502e-15,0.02529123240438015,0.2531720563068371,0.4088586194374,0.16778934005447418
2060,0.033783690138023056,0.024054694986354788,0.017549638100615474,0.06536598958747247,0.004802360500483465,2.0356244480586754e-13,1.7141594051973997e-13,4.717547627498628e-16,0.0251306933456122,0.25130694789317487,0.40963032944511435,0.16837565600277382
2061,0.033871223161415616,0.024077578354597548,0.01762528733331118,0.06581132331695572,0.004824500400398934,9.829612692160204e-14,8.303995005164809e-14,1.9572323111010547e-16,0.024972546244183255,0.24950812951209275,0.41038802931992213,0.16892138235694137
2062,0.033952504217708214,0.02408881919583467,0.01769634435576784,0.06626437121072293,0.004845759110480276,4.745971155162133e-14,4.0207778491217415e-14,8.119064668828962e-17,0.024816725315845545,0.24777346883339596,0.4111323150356206,0.16942969272453637
2063,0.03402723422100607,0.024088589249320662,0.017762683078721385,0.0667235847841306,0.004866194230832092,2.2921711286446457e-14,1.9479808510029892e-14,3.369467251884632e-17,0.02466336756720383,0.24610094398849586,0.41186299628505124,0.16990440659519576
2064,0.03409508311585065,0.024077074171519414,0.01782415526493255,0.06718734900472119,0.004885851607777976,1.1070852372003325e-14,9.43632811258459e-15,1.398372097759433e-17,0.02451262853447402,0.24448868426661385,0.41257994860684066,0.1703492254272492
2065,0.034155727034137,0.02405445267268383,0.017880614494757422,0.0676539568211749,0.0049047957649879705,5.347934854062958e-15,4.5726801952734286e-15,5.803390844381507e-18,0.0243646475863482,0.24293494586432715,0.41328309186876505,0.17076776789280845
2066,0.03420880216547974,0.024020898024906603,0.01793190034659533,0.06812164224922516,0.004923067826383118,2.5842914436961397e-15,2.2160901328100054e-15,2.409776803690028e-18,0.02421956942381384,0.24143813847563528,0.4139724256742005,0.17116355581375556
2067,0.03425396791919689,0.023976592739735045,0.01797783438046011,0.06858854295411558,0.004940725198459914,1.2489538407829965e-15,1.0737746177573292e-15,1.0007421529466287e-18,0.02407754531845784,0.23999677413629028,0.41464798231062816,0.171540035042654
2068,0.03429090222513243,0.02392177063110496,0.018018275371840912,0.06905271950758372,0.00495782130400024,6.033244694005241e-16,5.206026414942124e-16,4.15540966650328e-19,0.023938731082527184,0.2386094482523919,0.4153097863850457,0.17190054524037182
2069,0.034319291143975944,0.023856680484042624,0.018053074306281145,0.06951214997894438,0.004974414456592132,2.9171295792986507e-16,2.523836670277817e-16,1.7258150280800437e-19,0.023803265241038693,0.23727486995292632,0.4159579020463485,0.17224835238984973
2070,0.034338814147051804,0.023781579010617285,0.018082067000238823,0.06996473545563117,0.004990567029822909,1.4098351859249717e-16,1.2236870357125772e-16,7.166454254825698e-20,0.02367130744152632,0.2359918376681132,0.4165924236644863,0.17258666858251204
2071,0.034349129262250616,0.02369672326961568,0.018105088767904558,0.07040839583074217,0.005008661377947657,6.816788135386761e-17,5.930255071490025e-17,2.977148323052087e-20,0.02354294233932855,0.2347585833229687,0.4172123219240567,0.17291815390518514
2072,0.03435009127003508,0.02360253214968407,0.018122072805518384,0.07084138797242219,0.005026256636914293,3.2952138511610106e-17,2.8765266733060496e-17,1.2364591326809162e-20,0.023418370106507533,0.23357453886570786,0.41781852007794257,0.17324623011526796
2073,0.034341635650258655,0.02349950454237239,0.018132991676259404,0.07126201422462973,0.005043236371465666,1.5931583697460042e-17,1.3949591803474034e-17,5.139057862523514e-21,0.023297719611913677,0.23243847760993683,0.4184106984957014,0.1735737218174621
2074,0.03432371796856669,0.023388146959596956,0.018137830671094243,0.07166852390158326,0.005059482719296297,7.70559218148826e-18,6.764528395699149e-18,0.0,0.02318111798620607,0.23134924403030624,0.41898852400034436,0.17390341176300592
2075,0.03429629781274495,0.023269024922430243,0.01813658791873996,0.07205919893602955,0.005074877740359126,3.724960261423598e-18,3.2809084591421748e-18,0.0,0.023068699198507306,0.2303057214953176,0.4195515917196711,0.17423800025620015
2076,0.034260300652696106,0.023143332502261898,0.01812974665241651,0.0724342169162402,0.0050894388464123195,1.8011524077453196e-18,1.5914675272731323e-18,0.0,0.022960474053949152,0.22930573091782597,0.42009746417895166,0.1745792952792462
2077,0.03421751455294337,0.023012871140971804,0.0181182770912181,0.0727957399081879,0.005103314509893851,8.711357868388804e-19,7.721314853469397e-19,0.0,0.02285635758826787,0.22834607772158153,0.42062163759830623,0.17492820988862923
2078,0.034169732752526404,0.022879434533749844,0.018103136530568553,0.07314614107483147,0.005116652618726347,4.2130517662592744e-19,3.7443663863839407e-19,0.0,0.022756261355259242,0.2274235838676364,0.42111948306908864,0.17528557419761318
2079,0.03411874400314232,0.022744805124846088,0.018085289886313603,0.07348791290534522,0.00512960224771784,2.0379909730182977e-19,1.816392155916887e-19,0.0,0.022660089743725024,0.2265351359364345,0.4215862813794377,0.17565213877303787
2080,0.03406639685816739,0.022610810184864865,0.018065736007788318,0.07382366002226431,0.00514232428933734,9.857835662659679e-20,8.813943831924201e-20,0.0,0.02256776378823882,0.22567761731309102,0.4220171483864932,0.1760285431497548
2081,0.03401470040675494,0.022479356831803195,0.01804554963158152,0.07415609531626127,0.005155002337200734,4.767861661676959e-20,4.2760744387080085e-20,0.0,0.022479119701695683,0.22484777832260996,0.4224075620832525,0.17641483536884014
2082,0.03396571673036433,0.022352390249162035,0.01802584560657122,0.07448803689401674,0.005167831423519889,2.3064031643169266e-20,2.0748843165432353e-20,0.0,0.022393789746695855,0.22404196208833393,0.422755297125398,0.1768091301359382
2083,0.03392147708721372,0.022231823431047938,0.018007729054849455,0.07482241080955006,0.005181005338129686,1.1159885498331344e-20,1.0066693371985981e-20,0.0,0.02231134668198289,0.223256504015204,0.4230586538557536,0.17720904972626858
2084,0.03388344817709244,0.022119194227601807,0.017991992684713402,0.07516089718958538,0.005194630601246805,5.39722119469543e-21,0.0,0.0,0.022231439805633548,0.22248848571167507,0.423317159158339,0.17761275244411268
2085,0.0338506923085481,0.02201448097619753,0.01797816032484361,0.07549976484914031,0.005208444663838022,0.0,0.0,0.0,0.022154030834075744,0.2217379375650821,0.4235357874524568,0.17802070102581774
2086,0.0338216459676785,0.021917275781313056,0.017965417433866822,0.07583376887681845,0.005222083050807761,0.0,0.0,0.0,0.02207913424547284,0.22100568807563187,0.423720972822896,0.17843401374551476
2087,0.033794777980177396,0.021827219280891586,0.017952971425094368,0.07615747251874702,0.0052351800181303695,0.0,0.0,0.0,0.02200679642587349,0.2202926005981329,0.42387915018306976,0.178853831569883
2088,0.03376858867682635,0.02174399908150037,0.017940038933386006,0.07646526246347438,0.005247369939475786,0.0,0.0,0.0,0.021937049821573684,0.21959957739781458,0.4240167661865359,0.17928134749941313
2089,0.033741595757705176,0.021667335774484462,0.01792586195637479,0.07675135796618679,0.005258283548912531,0.0,0.0,0.0,0.021869937439624065,0.21892754183599505,0.4241402970626277,0.1797177886580896
2090,0.033712277239148644,0.021596927606329603,0.01790964728329772,0.07700983984466478,0.005267543318616976,0.0,0.0,0.0,0.0218055117866602,0.21827750301042734,0.4242562984726579,0.18016445143819684
2091,0.033678774214090004,0.02153202477293239,0.017890435824846274,0.07723468987400804,0.005274760201752827,0.0,0.0,0.0,0.02174385386787458,0.2176507475564225,0.42437181746683883,0.18062289622123462
2092,0.03363813039569693,0.021470206514269823,0.017866731845920546,0.07742005671275093,0.005279553353165236,0.0,0.0,0.0,0.021685126572170473,0.2170493651226222,0.4244954708348445,0.18109535864855936
2093,0.03358931716917051,0.02141002742743188,0.017838064385264227,0.07756517645711133,0.005281890620211059,0.0,0.0,0.0,0.0216292417338425,0.21647304743385498,0.4246311313777489,0.1815821033953646
2094,0.033533524682457704,0.021351432110280396,0.01780514007927472,0.07767454982168444,0.005282093644442311,0.0,0.0,0.0,0.021575868269232752,0.21591883577162702,0.42477739804806564,0.182081157572935
2095,0.03347210910335305,0.02129443680254382,0.017768769878691498,0.07775303352569575,0.005280513608944953,0.0,0.0,0.0,0.021524651354352994,0.21538363792092702,0.4249324772804054,0.1825903705250855
2096,0.033406444617920895,0.021239076127710657,0.01772975874405473,0.07780564754710374,0.005277510250521353,0.0,0.0,0.0,0.021475228878890737,0.2148643567190772,0.42509444724700757,0.18310752986771303
2097,0.03333795551530856,0.0211853927131578,0.017688945399216383,0.07783747590789819,0.0052734534800060046,0.0,0.0,0.0,0.02142724911011132,0.21435789468022187,0.4252612660016684,0.18363036719241152
2098,0.0332680885018146,0.021133432876647963,0.017647179415211486,0.07785368591130765,0.005268719083189349,0.0,0.0,0.0,0.0213803619339198,0.21386115375158643,0.4254308045871976,0.1841565739391251
2099,0.03319830447987667,0.021083269343998238,0.017605308770103214,0.07785946266581346,0.005263687671049123,0.0,0.0,0.0,0.021334215653715502,0.21337108050090747,0.4256008829772904,0.1846837879372459
2100,0.03313009440278414,0.021034980573196277,0.017564208778618893,0.07786002350006994,0.005258745143299069,0.0,0.0,0.0,0.021288462606593582,0.21288462080719064,0.4257692416143813,0.1852096225738661
